3 8
6 0
6 8
6 0 6 1
6 8 6 7
6 1 6 2
6 7 6 6
6 2 6 3
6 6 6 5
6 3
6 5
6 3 6 4
6 5 5 5
6 4 7 4
6 5 6 6
7 4 7 5
5 5
7 5
5 5 5 6 
7 5 7 6
7 8
6 3 7 3
8 8
7 3 7 4
8 8
7 4 8 4
8 8 8 7
8 4 8 5
5 5 5 4
8 5
7 8 7 7
8 5 8 6
7 7 7 6
8 6 7 6
5 4 5 3
8 5
5 3 5 2
8 5 8 6
5 2
7 6 6 6
5 2 5 1
6 6 5 6
4 8 
7 5
5 8
7 5 7 6
5 2
7 6
8 7 7 7
7 6 6 6
7 8
6 6
6 8
5 6
5 8 5 7
5 6 4 6
5 8
4 6
5 1 5 0
4 6 3 6
5 2 5 1
3 6
5 2
3 6 3 7
5 1 5 0
3 7 3 8
3 8
3 6
5 8 5 7
3 6 3 7
5 7 5 8
3 7 3 8
3 8
5 0
6 8 6 7
7 6 7 7
7 8 7 7
5 6 5 7
5 8 5 7
6 6 5 6
5 7 5 6
6 6 5 6
5 2 4 2
4 6
4 8 4 7
4 6 3 6
4 7 4 6
5 6 4 6
3 8 3 7
3 6 2 6
4 2 4 1
3 6 3 7
3 8
2 6 2 7
3 8 3 7
2 7 3 7
4 8
4 6
6 7 5 7
4 6 5 6
5 8
3 7
3 8
3 7 3 6
5 2
8 6
5 2 4 2
8 6 7 6
7 8
3 6
3 8 3 7
3 6 2 6
3 7 3 6
2 6 3 6
3 8
7 5
4 2
7 5 6 5
4 1 4 0
4 0
4 2 4 1
4 0 4 1
4 2 4 1
6 5 6 6
6 8
6 6
6 8 6 7
6 6 6 5
5 2 5 1
5 0 5 1
4 1 5 1
3 6
4 8 4 7
4 6 4 7
5 7 4 7
3 6 2 6
2 8
2 6
2 8 2 7
2 6 1 6
2 7 2 6
1 6 2 6
3 8 3 7
3 6 2 6
3 7 2 7
2 6 1 6
2 7 2 6
1 6 2 6
4 7 3 7
2 6
3 7 2 7
2 6 1 6
2 7 2 6
1 6 2 6
5 8 5 7
2 6 2 7
5 7 4 7
2 7
4 7 3 7
2 7 1 7
3 7 2 7
1 7 2 7
7 8 6 8
2 7
6 8 5 8
2 7
5 8 4 8
2 7 2 8
4 8 3 8
2 7 2 8
5 1 5 0
7 6 7 7
6 7 7 7
2 7 2 8
3 8 3 7
5 6 5 7
3 7 3 6
5 7 5 8
3 6 4 6
7 5 7 6
7 7 7 8
6 6 6 7
4 6 5 6
6 5 6 6
5 6 6 6
7 6 6 6
7 8 7 7
6 7 7 7
8 8 8 7
8 6 8 7
